#First platform
0 1 0 13
0 2 1 13
0 2 2 13
0 2 3 13
0 2 4 13
0 2 5 13
0 2 6 13
0 2 7 13
0 2 8 13
0 2 9 13
0 2 10 13
0 3 11 13

0 5 0 14
0 6 1 14
0 6 2 14
0 6 3 14
0 6 4 14
0 6 5 14
0 6 6 14
0 6 7 14
0 6 8 14
0 6 9 14
0 6 10 14
0 7 11 14
#Player 
2 0 5 10
#First bridge
0 8 12 13
0 8 12 14

0 8 13 13
0 8 14 13
0 8 15 13
0 8 16 13
0 8 17 13
0 8 18 13
0 8 19 13
0 8 20 13
0 8 21 13
0 8 22 13
0 8 23 13
0 8 24 13
0 8 25 13
0 8 26 13
0 8 27 13
0 8 28 13
0 8 29 13
0 8 30 13
0 8 31 13
0 8 32 13
0 8 33 13
0 8 34 13
0 8 35 13
0 8 36 13
0 8 37 13
0 8 38 13
0 8 39 13
0 8 40 13
0 8 41 13
0 8 42 13
0 8 43 13
0 8 44 13
0 8 45 13
0 8 46 13
0 8 47 13
0 8 48 13
0 8 49 13

0 8 50 13
0 8 50 14

#First bridge enemies
1 1 15 11

1 2 23 11
1 2 26 11
1 2 29 11

1 1 32 11
1 1 34 11
1 1 36 11

1 3 45 11

#Second platform
0 1 51 13
0 2 52 13
0 2 53 13
0 2 54 13
0 3 55 13

0 5 51 14
0 6 52 14
0 6 53 14
0 6 54 14
0 7 55 14

#Third platform
0 1 58 10
0 2 59 10
0 3 60 10

0 5 58 11
0 6 59 11
0 7 60 11

0 5 58 12
0 6 59 12
0 7 60 12

0 5 58 13
0 6 59 13
0 7 60 13

0 5 58 14
0 6 59 14
0 7 60 14

1 0 59 9 0

#Fourth platform
0 1 63 11
0 2 64 11
0 2 65 11
0 2 66 11
0 2 67 11
0 2 68 11
0 2 69 11
0 3 70 11

0 5 63 12
0 6 64 12
0 6 65 12
0 6 66 12
0 6 67 12
0 6 68 12
0 6 69 12
0 7 70 12

0 5 63 13
0 6 64 13
0 6 65 13
0 6 66 13
0 6 67 13
0 6 68 13
0 6 69 13
0 7 70 13


0 5 63 14
0 6 64 14
0 6 65 14
0 6 66 14
0 6 67 14
0 6 68 14
0 6 69 14
0 7 70 14

1 3 64 9
1 3 67 9
#Fifth platform
0 1 75 9
0 2 76 9
0 2 77 9
0 2 78 9
0 3 79 9

0 5 75 10
0 6 76 10
0 6 77 10
0 6 78 10
0 7 79 10

0 5 75 11
0 6 76 11
0 6 77 11
0 6 78 11
0 7 79 11

0 5 75 12
0 6 76 12
0 6 77 12
0 6 78 12
0 7 79 12

0 5 75 13
0 6 76 13
0 6 77 13
0 6 78 13
0 7 79 13

0 5 75 14
0 6 76 14
0 6 77 14
0 6 78 14
0 7 79 14

1 2 77 7

#6th platform
0 1 81 7
0 2 82 7
0 2 83 7
0 3 84 7

0 5 81 8
0 6 82 8
0 6 83 8
0 7 84 8

0 5 81 9
0 6 82 9
0 6 83 9
0 7 84 9

0 5 81 10
0 6 82 10
0 6 83 10
0 7 84 10

0 5 81 11
0 6 82 11
0 6 83 11
0 7 84 11

0 5 81 12
0 6 82 12
0 6 83 12
0 7 84 12

0 5 81 13
0 6 82 13
0 6 83 13
0 7 84 13

0 5 81 14
0 6 82 14
0 6 83 14
0 7 84 14

1 0 82 6 0
1 0 83 6 0
#7th platform
0 1 85 6
0 2 86 6
0 2 87 6
0 2 88 6
0 2 89 6
0 3 90 6

0 5 85 7
0 6 86 7
0 6 87 7
0 6 88 7
0 6 89 7
0 7 90 7

0 5 85 8
0 6 86 8
0 6 87 8
0 6 88 8
0 6 89 8
0 7 90 8

0 5 85 9
0 6 86 9
0 6 87 9
0 6 88 9
0 6 89 9
0 7 90 9

0 5 85 10
0 6 86 10
0 6 87 10
0 6 88 10
0 6 89 10
0 7 90 10

0 5 85 11
0 6 86 11
0 6 87 11
0 6 88 11
0 6 89 11
0 7 90 11

0 5 85 12
0 6 86 12
0 6 87 12
0 6 88 12
0 6 89 12
0 7 90 12

0 5 85 13
0 6 86 13
0 6 87 13
0 6 88 13
0 6 89 13
0 7 90 13

0 5 85 14
0 6 86 14
0 6 87 14
0 6 88 14
0 6 89 14
0 7 90 14
#2nd bridge
0 8 91 6
0 8 91 7
0 8 91 8
0 8 91 9
0 8 91 10
0 8 91 11
0 8 91 12
0 8 91 13
0 8 91 14

0 8 92 6
0 8 92 7
0 8 92 8

0 8 93 6
0 8 93 7

0 8 94 6
0 8 95 6
0 8 96 6
0 8 97 6
0 8 98 6
0 8 99 6
0 8 100 6
0 8 101 6
0 8 102 6
0 8 103 6
0 8 104 6
0 8 105 6
0 8 106 6
0 8 107 6
0 8 108 6
0 8 109 6
0 8 110 6
0 8 111 6
0 8 112 6
0 8 113 6
0 8 114 6
0 8 115 6
0 8 116 6
0 8 117 6
0 8 118 6
0 8 119 6

0 8 120 6
0 8 120 7
0 8 120 8
0 8 120 9
0 8 120 10
0 8 120 11
0 8 120 12
0 8 120 13
0 8 120 14

1 3 93 4
1 3 96 4
1 3 99 4
1 3 102 4
1 3 105 4
1 3 108 4
1 3 111 4
1 3 114 4
1 3 117 4
1 3 120 4
#8 platform
0 1 121 6
0 2 122 6
0 3 123 6

0 5 121 7
0 6 122 7
0 7 123 7

0 5 121 8
0 6 122 8
0 7 123 8

0 5 121 9
0 6 122 9
0 7 123 9

0 5 121 10
0 6 122 10
0 7 123 10

0 5 121 11
0 6 122 11
0 7 123 11

0 5 121 12
0 6 122 12
0 7 123 12

0 5 121 13
0 6 122 13
0 7 123 13

0 5 121 14
0 6 122 14
0 7 123 14
#9th platform
0 1 135 14
0 2 136 14
0 2 137 14
0 2 138 14
0 2 139 14
0 3 140 14

1 3 138 12
#10th platform
0 1 143 13
0 2 144 13
0 3 145 13

0 5 143 14
0 6 144 14
0 7 145 14

#coins
3 0 12 11
3 0 12 12

3 0 50 11
3 0 50 12

3 0 59 7
3 0 59 6

3 0 122 4
3 0 144 12