#First platform
0 1 0 12
0 2 1 12
0 2 2 12
0 2 3 12
0 2 4 12
0 3 5 12

0 5 0 13
0 6 1 13
0 6 2 13
0 6 3 13
0 6 4 13
0 7 5 13

0 5 0 14
0 6 1 14
0 6 2 14
0 6 3 14
0 6 4 14
0 7 5 14
#Player
2 0 2 9

#Second platform
0 1 9 13
0 2 10 13
0 2 11 13
0 3 12 13

0 5 9 14
0 6 10 14
0 6 11 14
0 7 12 14
#First bridge
0 4 11 12
0 4 12 12
0 4 12 11

0 4 13 11
0 4 14 11
0 4 15 11
0 4 16 11
0 4 17 11
0 4 18 11
0 4 19 11
0 4 20 11
0 4 21 11
0 4 22 11
0 4 23 11
0 4 24 11
0 4 25 11
0 4 26 11
0 4 27 11
0 4 28 11
0 4 29 11
0 4 30 11
0 4 31 11
0 4 32 11
0 4 33 11
0 4 34 11
0 4 35 11
0 4 36 11
0 4 37 11
0 4 38 11
0 4 39 11
0 4 40 11
0 4 41 11
0 4 42 11
0 4 43 11
0 4 44 11
0 4 45 11
0 4 46 11
0 4 47 11
0 4 48 11
0 4 49 11
0 4 50 11

0 4 51 11
0 4 51 12
0 4 52 12
#First bridge enemies
1 1 15 9

1 1 20 9
1 1 22 9
1 1 24 9

1 1 30 9
1 1 32 9
1 1 34 9
1 1 36 9
1 1 38 9

1 2 45 9
#Third platform
0 1 52 13
0 2 53 13
0 2 54 13
0 2 55 13
0 3 56 13

0 5 52 14
0 6 53 14
0 6 54 14
0 6 55 14
0 7 56 14
#Fourth platform
0 1 60 13
0 2 61 13
0 2 62 13
0 2 63 13
0 2 64 13
0 2 65 13
0 3 66 13

#Fifth platform
0 5 60 14
0 6 61 14
0 6 62 14
0 6 63 14
0 6 64 14
0 6 65 14
0 7 66 14
#Second bridge
0 4 67 14
0 4 67 13
0 4 67 12
0 4 67 11
0 4 67 10

0 4 68 10
0 4 68 9

0 4 69 10
0 4 70 10
0 4 71 10
0 4 72 10
0 4 73 10
0 4 74 10
0 4 75 10
0 4 76 10
0 4 77 10
0 4 78 10
0 4 79 10

0 4 72 9
0 4 76 9

1 0 69 9 0
1 0 70 9 0
1 0 71 9 0

1 0 73 9 0
1 0 74 9 0
1 0 75 9 0

1 0 77 9 0
1 0 78 9 0
1 0 79 9 0

0 4 80 9
0 4 80 10

0 4 81 10
0 4 81 11
0 4 81 12
0 4 81 13
0 4 81 14

#6th platform
0 1 82 13
0 2 83 13
0 2 84 13
0 3 85 13

0 5 82 14
0 6 83 14
0 6 84 14
0 7 85 14

#First spike pit
1 0 86 14 0
1 0 87 14 0
1 0 88 14 0
1 0 89 14 0
#7th platform
0 1 90 13
0 2 91 13
0 3 92 13

0 5 90 14
0 6 91 14
0 7 92 14
#Third bridge
0 4 93 13
0 4 94 13
0 4 95 13

1 0 93 12 0
1 0 94 12 0
1 0 95 12 0
#8th platform
0 1 96 12
0 3 97 12

0 5 96 13
0 7 97 13

0 5 96 14
0 7 97 14
#Fourth bridge
0 4 98 13
0 4 99 13
0 4 100 13
0 4 101 13

1 0 98 12 0
1 0 99 12 0
1 0 100 12 0
1 0 101 12 0
#9th platform
0 1 102 13
0 2 103 13
0 2 104 13
0 3 105 13

0 5 102 14
0 6 103 14
0 6 104 14
0 7 105 14

#10th platform
0 1 109 13
0 2 110 13
0 2 111 13
0 2 112 13
0 2 113 13
0 2 114 13
0 2 115 13
0 2 116 13
0 2 117 13
0 2 118 13
0 2 119 13
0 3 120 13

0 5 109 14
0 6 110 14
0 6 111 14
0 6 112 14
0 6 113 14
0 6 114 14
0 6 115 14
0 6 116 14
0 6 117 14
0 6 118 14
0 6 119 14
0 7 120 14

1 2 115 11

#11th platform
0 1 124 13
0 2 125 13
0 3 126 13

0 5 124 14
0 6 125 14
0 7 126 14
#Coins
3 0 11 11
3 0 11 10
3 0 12 10
3 0 12 9

3 0 52 11
3 0 52 10
3 0 51 10
3 0 51 9

3 0 68 7
3 0 68 8

3 0 67 9
3 0 67 8 

3 0 72 8
3 0 76 8

3 0 80 7
3 0 80 8

3 0 81 8
3 0 81 9

3 0 94 7
3 0 94 8

3 0 99 9
3 0 99 8
3 0 100 9
3 0 100 8

3 0 125 10