#First platform
0 1 0 13
0 2 1 13
0 2 2 13
0 2 3 13
0 2 4 13
0 3 5 13

0 5 0 14
0 6 1 14
0 6 2 14
0 6 3 14
0 6 4 14
0 7 5 14
#Player 
2 0 3 11
#Obscure brick part with spike obstacles
0 4 6 14
0 4 6 13
0 4 6 12
0 4 6 11

0 4 7 11
0 4 8 11
0 4 9 11
0 4 10 11
0 4 11 11

1 0 8 10 0
1 0 9 10 0
1 0 10 10 0

0 4 11 10
0 4 11 9
0 4 11 8

0 4 12 7
0 4 12 8

0 4 13 10
0 4 14 10
0 4 15 10
0 4 16 10

1 0 13 9 0
1 0 14 9 0
1 0 15 9 0
1 0 16 9 0

0 4 17 7
0 4 17 8

0 4 18 10
0 4 19 10
0 4 20 10
0 4 21 10

1 0 18 9 0
1 0 19 9 0
1 0 20 9 0
1 0 21 9 0

0 4 22 7
0 4 22 8

0 4 23 10
0 4 24 10
0 4 25 10
0 4 26 10

1 0 23 9 0
1 0 24 9 0
1 0 25 9 0
1 0 26 9 0

0 4 27 7
0 4 27 8

0 4 28 10
0 4 29 10
0 4 30 10
0 4 31 10

1 0 28 9 0
1 0 29 9 0
1 0 30 9 0
1 0 31 9 0

0 4 32 7
0 4 32 8

0 4 33 8
0 4 33 9

0 4 34 9
0 4 34 10
0 4 34 11
0 4 34 12
0 4 34 13
0 4 34 14
#Brick platform 1
0 4 39 14
0 4 39 13

0 4 40 13
0 4 41 13
0 4 42 13
0 4 43 13
0 4 44 13

0 4 45 13
0 4 45 14

#Brick floating platform 1
0 4 39 0
0 4 39 1
0 4 39 2
0 4 39 3
0 4 39 4
0 4 39 5
0 4 39 6
0 4 39 7
0 4 39 8

0 4 40 8
0 4 41 8
0 4 42 8
0 4 43 8
0 4 44 8
0 4 45 8

1 1 43 11

0 4 40 0
0 4 41 0
0 4 42 0
0 4 43 0
0 4 44 0
0 4 45 0

0 4 45 7
0 4 45 6
0 4 45 5
0 4 45 4
0 4 45 3
0 4 45 2
0 4 45 1
0 4 45 0

#Distanced brick pillars

0 4 48 14

0 4 51 14
0 4 51 13


0 4 54 14
0 4 54 13
0 4 54 12

0 4 57 14
0 4 57 13
0 4 57 12
0 4 57 11

0 4 60 14
0 4 60 13
0 4 60 12
0 4 60 11
0 4 60 10

0 4 63 14
0 4 63 13
0 4 63 12
0 4 63 11
0 4 63 10
0 4 63 9

0 4 66 14
0 4 66 13
0 4 66 12
0 4 66 11
0 4 66 10
0 4 66 9
0 4 66 8

0 4 69 14
0 4 69 13
0 4 69 12
0 4 69 11
0 4 69 10
0 4 69 9
0 4 69 8
0 4 69 7

0 4 72 14
0 4 72 13
0 4 72 12
0 4 72 11
0 4 72 10
0 4 72 9
0 4 72 8
0 4 72 7
0 4 72 6

0 4 75 14
0 4 75 13
0 4 75 12
0 4 75 11
0 4 75 10
0 4 75 9
0 4 75 8
0 4 75 7
0 4 75 6
0 4 75 5

#Brick platform 2
0 4 86 14
0 4 86 13
0 4 86 12

0 4 87 12
0 4 88 12
0 4 89 12
0 4 90 12
0 4 91 12

0 4 92 12
0 4 92 13
0 4 92 14
#Floating platform 2
0 4 88 0
0 4 88 1
0 4 88 2
0 4 88 3
0 4 88 4
0 4 88 5

0 4 89 5
0 4 90 5
0 4 91 5

0 4 89 0
0 4 90 0
0 4 91 0
0 4 92 0

0 4 92 5
0 4 92 4
0 4 92 3
0 4 92 2
0 4 92 1
0 4 92 0
#Spike pit 1
1 0 93 14 0
1 0 94 14 0
1 0 95 14 0
1 0 96 14 0
1 0 97 14 0
1 0 98 14 0
1 0 99 14 0
1 0 100 14 0
1 0 101 14 0
1 0 102 14 0
1 0 103 14 0
1 0 104 14 0
1 0 105 14 0
1 0 106 14 0
1 0 107 14 0
1 0 108 14 0
1 0 109 14 0
1 0 110 14 0
#Floating platform 3
0 4 98 11
0 4 99 11
0 4 100 11
0 4 101 11
0 4 102 11
0 4 103 11
0 4 104 11
0 4 105 11
#Floating spikes 1
1 0 93 3 2
1 0 94 3 2
1 0 95 3 2
1 0 96 3 2
1 0 97 3 2
1 0 98 3 2
1 0 99 3 2
1 0 100 3 2
1 0 101 3 2
1 0 102 3 2
1 0 103 3 2
1 0 104 3 2
1 0 105 3 2
1 0 106 3 2
1 0 107 3 2
1 0 108 3 2
1 0 109 3 2
1 0 110 3 2

0 4 93 2
0 4 94 2
0 4 95 2
0 4 96 2
0 4 97 2
0 4 98 2
0 4 99 2
0 4 100 2
0 4 101 2
0 4 102 2
0 4 103 2
0 4 104 2
0 4 105 2
0 4 106 2
0 4 107 2
0 4 108 2
0 4 109 2
0 4 110 2
#Brick platform 3
0 4 111 14
0 4 111 13
0 4 111 12

0 4 112 12
0 4 113 12
0 4 114 12
0 4 115 12
0 4 116 12
0 4 117 12
0 4 118 12
0 4 119 12

0 4 120 12
0 4 120 13
0 4 120 14

1 0 118 11 0
1 0 119 11 0 
1 0 120 11 0 

1 0 118 4 2
1 0 119 4 2 
1 0 120 4 2 

1 0 121 3 2 

1 0 122 2 2 
1 0 123 2 2 
1 0 124 2 2 
1 0 125 2 2 
1 0 126 2 2 
1 0 127 2 2 
1 0 128 3 2 
1 0 129 4 2 
1 0 130 4 2
1 0 131 4 2
#Floating platform 4
0 4 111 0
0 4 111 1
0 4 111 2
0 4 111 3
0 4 111 4
0 4 111 5

0 4 112 5
0 4 113 5
0 4 114 5
0 4 115 5

0 4 116 5
0 4 116 4
0 4 116 3
0 4 116 2
0 4 116 1
0 4 116 0
#Platform 5
0 4 121 14
0 4 121 13
0 4 121 12
0 4 121 11
0 4 121 10

0 4 127 14
0 4 127 13
0 4 127 12
0 4 127 11
0 4 127 10
#Bricks for floating spikes
0 4 117 1
0 4 117 2
0 4 117 3

0 4 118 1
0 4 118 2
0 4 118 3

0 4 119 1
0 4 119 2
0 4 119 3

0 4 120 1
0 4 120 2
0 4 120 3

0 4 121 1
0 4 121 2

0 4 122 1
0 4 123 1
0 4 124 1
0 4 125 1
0 4 126 1
0 4 127 1

0 4 128 1
0 4 128 2

0 4 129 1
0 4 129 2
0 4 129 3

0 4 130 1
0 4 130 2
0 4 130 3

0 4 131 1
0 4 131 2
0 4 131 3

0 4 132 1
0 4 132 2
0 4 132 3
#Platform 6
0 4 128 14
0 4 128 13
0 4 128 12

0 4 129 12
0 4 129 12
0 4 130 12
0 4 131 12
0 4 132 12
0 4 132 12
0 4 133 12
0 4 134 12

0 4 135 12
0 4 135 13
0 4 135 14

1 0 128 11 0 

#Floating platform ?? (I lost count)
0 4 133 0
0 4 133 1
0 4 133 2
0 4 133 3
0 4 133 4
0 4 133 5

0 4 134 5
0 4 135 5
0 4 136 5
0 4 137 5
0 4 138 5
0 4 139 5
0 4 140 5
0 4 141 5
0 4 142 5
0 4 143 5
0 4 144 5

0 4 145 5
0 4 145 4
0 4 145 3
0 4 145 2
0 4 145 1
0 4 145 0

#Platform 7
0 4 139 14
0 4 139 13
0 4 139 12

0 4 140 12
0 4 141 12
0 4 142 12
0 4 143 12
0 4 144 12
0 4 145 12

0 4 146 14
0 4 146 13
0 4 146 12

1 0 141 11 0
1 0 144 11 0

#Platform 8?
0 4 150 14
0 4 150 13
0 4 150 12

0 4 151 12
0 4 152 12
0 4 153 12

0 4 154 12
0 4 154 11

0 4 155 10
0 4 155 11
0 4 155 12
0 4 155 13
0 4 155 14
#Vertical platform for - 8
0 4 150 0
0 4 150 1
0 4 150 2
0 4 150 3
0 4 150 4
0 4 150 5

0 4 151 5
0 4 152 5
0 4 153 5

0 4 151 0
0 4 152 0
0 4 153 0

0 4 154 5 
0 4 154 4
0 4 154 3
0 4 154 2
0 4 154 1
0 4 154 0

0 4 155 0
0 4 155 1
0 4 155 2
0 4 155 3
1 0 155 4 2
#Pit of spikes between 8 and 9
1 0 156 14 0
1 0 156 0 2
1 0 157 14 0
1 0 157 0 2
1 0 158 14 0
1 0 158 0 2
1 0 159 14 0
1 0 159 0 2
#Platform 9
0 4 160 14
0 4 160 13
0 4 160 12
0 4 160 11
0 4 160 10

0 4 161 12
0 4 161 11

0 4 162 12
0 4 163 12
0 4 164 12

0 4 165 12
0 4 165 13
0 4 165 14
#Floating platform above 9
0 4 160 0
0 4 160 1
0 4 160 2
0 4 160 3
1 0 160 4 2

0 4 161 0
0 4 161 1
0 4 161 2
0 4 161 3
0 4 161 4
0 4 161 5

0 4 162 5
0 4 163 5
0 4 164 5

0 4 165 5
0 4 165 4
0 4 165 3
0 4 165 2
0 4 165 1
0 4 165 0

#Last grass platform
0 1 170 13
0 2 171 13
0 2 172 13
0 2 173 13
0 2 174 13
0 2 175 13
0 2 176 13
0 2 177 13
0 2 178 13
0 2 179 13
0 3 180 13

0 5 170 14
0 6 171 14
0 6 172 14
0 6 173 14
0 6 174 14
0 6 175 14
0 6 176 14
0 6 177 14
0 6 178 14
0 6 179 14
0 7 180 14
#Coins
3 0 17 6
3 0 22 6 
3 0 27 6

3 0 48 13
3 0 75 4

3 0 42 10

3 0 95 4
3 0 96 4
3 0 97 4
3 0 98 4
3 0 99 4
3 0 100 4
3 0 101 4
3 0 102 4
3 0 103 4
3 0 104 4
3 0 105 4
3 0 106 4
3 0 107 4
3 0 108 4

3 0 121 9
3 0 127 9

3 0 141 9
3 0 141 8

3 0 144 9
3 0 144 8

3 0 155 9
3 0 160 9

3 0 175 10
3 0 175 9

3 0 176 10
3 0 176 9
