#First platform
0 1 0 13
0 5 0 14
0 2 1 13
0 2 2 13
0 2 3 13
0 2 4 13
0 3 5 13
0 7 5 14
0 6 1 14
0 6 2 14
0 6 3 14
0 6 4 14
#Player
2 0 0 10
#First pit
0 4 6 14
0 4 7 14
0 4 8 14
0 4 9 14
0 4 10 14
0 4 11 14
0 4 12 14
0 4 13 14
#First pit spikes /\/\B/\/\B/\/\
1 0 6 13 0
1 0 7 13 0
0 4 8 13
1 0 9 13 0
1 0 10 13 0
0 4 11 13 0
1 0 12 13 0
1 0 13 13 0
#Second platform
0 1 14 13
0 5 14 14
0 7 15 14
0 3 15 13
#Third platform
0 1 19 13
0 5 19 14
0 7 20 14
0 3 20 13
#First bridge
0 4 21 13
0 4 22 13
0 4 23 13
0 4 24 13
0 4 25 13
0 4 26 13
0 4 27 13
0 4 28 13
0 4 29 13
0 4 30 13
0 4 31 13
0 4 32 13 
0 4 33 13
0 4 34 13
0 4 35 13
0 4 36 13
0 4 37 13
0 4 38 13
0 4 39 13
0 4 40 13
#Fourth platform
0 1 40 13
0 5 40 14
0 7 41 14
0 3 41 13
#First enemy
1 1 30 11
#Fifth platform
0 1 45 13
0 3 46 13
0 5 45 14
0 7 46 14
0 5 47 13
0 5 47 14
0 5 47 12
0 5 47 11
0 5 47 10
0 1 47 9
0 6 48 14
0 6 48 13
0 6 48 12
0 6 48 11
0 6 48 10
0 2 48 9 
0 6 49 14
0 6 49 13
0 6 49 12
0 6 49 11
0 6 49 10
0 2 49 9
0 6 50 14
0 6 50 13
0 6 50 12
0 6 50 11
0 6 50 10
0 2 50 9 
0 7 51 14
0 7 51 13
0 7 51 12
0 7 51 11
0 7 51 10
0 3 51 9
1 0 49 8 0 
#First floating platform
0 5 55 0
0 5 55 1
0 5 55 2
0 5 55 3
0 5 55 4
0 5 55 5
0 9 55 6

0 6 56 0
0 6 56 1
0 6 56 2
0 6 56 3
0 6 56 4
0 6 56 5
0 10 56 6

0 6 57 0
0 6 57 1
0 6 57 2
0 6 57 3
0 6 57 4
0 6 57 5
0 10 57 6

0 6 58 0
0 6 58 1
0 6 58 2
0 6 58 3
0 6 58 4
0 6 58 5
0 10 58 6

0 6 59 0
0 6 59 1
0 6 59 2
0 6 59 3
0 6 59 4
0 6 59 5
0 10 59 6

0 6 60 0
0 6 60 1
0 6 60 2
0 6 60 3
0 6 60 4
0 6 60 5
0 10 60 6

0 7 61 0
0 7 61 1
0 7 61 2
0 7 61 3
0 7 61 4
0 7 61 5
0 11 61 6
#Sixth platform
0 1 55 14
0 2 56 14
0 2 57 14
0 2 58 14
0 2 59 14
0 2 60 14
0 3 61 14
#Second bridge
0 4 62 14
0 4 63 14
0 4 64 14
0 4 65 14
#7th platform
0 1 66 13
0 5 66 14
0 7 67 14
0 3 67 13
#Third bridge
0 4 68 13
0 4 69 13
0 4 70 13
0 4 71 13
0 4 72 13
#Triple spikes
1 0 69 12 0
1 0 70 12 0
1 0 71 12 0
#8th platform
0 1 73 13
0 5 73 14
0 7 74 14
0 3 74 13
#Brick staircase
0 4 76 14

0 4 78 14
0 4 78 13

0 4 80 14
0 4 80 13
0 4 80 12

0 4 82 14
0 4 82 13
0 4 82 12
0 4 82 11

0 4 84 14
0 4 84 13
0 4 84 12
0 4 84 11
0 4 84 10

0 4 86 14
0 4 86 13
0 4 86 12
0 4 86 11
0 4 86 10
0 4 86 9

0 4 88 14
0 4 88 13
0 4 88 12
0 4 88 11
0 4 88 10
0 4 88 9
0 4 88 8

0 4 90 14
0 4 90 13
0 4 90 12
0 4 90 11
0 4 90 10
0 4 90 9
0 4 90 8
0 4 90 7
#9th platform
0 1 100 13
0 5 100 14
0 2 101 13
0 6 101 14 
0 2 102 13
0 6 102 14
0 2 103 13
0 6 103 14
0 2 104 13
0 6 104 14
0 2 105 13
0 6 105 14
0 3 106 13
0 7 106 14

1 1 104 11
1 1 102 11
1 1 106 11

#10th platform
0 1 110 13
0 5 110 14
0 2 111 13
0 6 111 14 
0 2 112 13
0 6 112 14
0 2 113 13
0 6 113 14
0 2 114 13
0 6 114 14
0 2 115 13
0 6 115 14
0 2 116 13
0 6 116 14
0 2 117 13
0 6 117 14
0 2 118 13
0 6 118 14
0 2 119 13
0 6 119 14
0 3 120 13
0 7 120 14

#Coins
3 0 8 12
3 0 11 12
3 0 21 12
3 0 40 12
3 0 49 7
3 0 70 8
3 0 70 7

3 0 115 10
3 0 116 10
3 0 117 10

3 0 115 9
3 0 116 9
3 0 117 9

3 0 115 8
3 0 116 8
3 0 117 8